<?xml version="1.0" encoding="utf-8"?>

<golem>
  <data>
    <item cloud=".pcd" handler="Image+Image" image="" label="cube" prefix="-points_raw-cube-1" time_stamp="0">
      <config c1="2.24194" c10="0" c11="0" c12="0" c13="0" c14="0" c15="0" c16="0" c17="0" c18="0" c19="0" c2="-0.78011" c20="0" c21="0" c22="0" c23="0" c24="0" c25="0" c26="0" c27="0" c28="0" c29="0" c3="2.56494" c30="0" c31="0" c32="0" c33="0" c34="0" c35="0" c36="0" c37="0" c38="0" c39="0" c4="-1.99427" c40="0" c41="0" c42="0" c43="0" c44="0" c45="0" c46="0" c47="0" c48="0" c49="0" c5="0.489685" c50="0" c51="0" c52="0" c53="0" c54="0" c55="0" c56="0" c57="0" c58="0" c59="0" c6="-1.03599" c60="0" c61="0" c7="-1.1528" c8="0" c9="0" dim="61" m11="-0.178344" m12="0.0904264" m13="0.979804" m21="0.0120412" m22="0.995894" m23="-0.0897196" m31="-0.983895" m32="-0.0042029" m33="-0.1787" v1="0.494944" v2="-0.375609" v3="0.345414"></config>
      <extrinsic m11="-0.0146444" m12="-0.0801927" m13="0.996672" m21="0.999868" m22="0.00588724" m23="0.0151651" m31="-0.00708377" m32="0.996762" m33="0.0800958" v1="0.0800444" v2="-0.041683" v3="0.0753622"></extrinsic>
      <intrinsic cx="324.839" cy="249.443" f="6" fx="574.336" fy="572.443" h="480" k1="-0.032945" k2="0.0323252" k3="0" p1="0.00173748" p2="0.00138023" w="640"></intrinsic>
    </item>
    <item cloud=".pcd" handler="Image+Image" image="" label="cube" prefix="-points_raw-cube-2" time_stamp="0">
      <config c1="1.98701" c10="0" c11="0" c12="0" c13="0" c14="0" c15="0" c16="0" c17="0" c18="0" c19="0" c2="-1.82023" c20="0" c21="0" c22="0" c23="0" c24="0" c25="0" c26="0" c27="0" c28="0" c29="0" c3="2.68372" c30="0" c31="0" c32="0" c33="0" c34="0" c35="0" c36="0" c37="0" c38="0" c39="0" c4="-0.993686" c40="0" c41="0" c42="0" c43="0" c44="0" c45="0" c46="0" c47="0" c48="0" c49="0" c5="-0.472112" c50="0" c51="0" c52="0" c53="0" c54="0" c55="0" c56="0" c57="0" c58="0" c59="0" c6="0.701147" c60="0" c61="0" c7="-0.601656" c8="0" c9="0" dim="61" m11="-0.110427" m12="-0.992321" m13="0.0557231" m21="-0.870356" m22="0.123621" m23="0.476654" m31="-0.479882" m32="0.00413674" m33="-0.877323" v1="0.539691" v2="0.0496247" v3="0.18247"></config>
      <extrinsic m11="-0.0146444" m12="-0.0801927" m13="0.996672" m21="0.999868" m22="0.00588724" m23="0.0151651" m31="-0.00708377" m32="0.996762" m33="0.0800958" v1="0.0800444" v2="-0.041683" v3="0.0753622"></extrinsic>
      <intrinsic cx="324.839" cy="249.443" f="6" fx="574.336" fy="572.443" h="480" k1="-0.032945" k2="0.0323252" k3="0" p1="0.00173748" p2="0.00138023" w="640"></intrinsic>
    </item>
    <item cloud=".pcd" handler="Image+Image" image="" label="cube" prefix="-points_raw-cube-3" time_stamp="0">
      <config c1="1.60132" c10="0" c11="0" c12="0" c13="0" c14="0" c15="0" c16="0" c17="0" c18="0" c19="0" c2="-1.85831" c20="0" c21="0" c22="0" c23="0" c24="0" c25="0" c26="0" c27="0" c28="0" c29="0" c3="1.77601" c30="0" c31="0" c32="0" c33="0" c34="0" c35="0" c36="0" c37="0" c38="0" c39="0" c4="-0.0109373" c40="0" c41="0" c42="0" c43="0" c44="0" c45="0" c46="0" c47="0" c48="0" c49="0" c5="0.450068" c50="0" c51="0" c52="0" c53="0" c54="0" c55="0" c56="0" c57="0" c58="0" c59="0" c6="1.04643" c60="0" c61="0" c7="-0.639244" c8="0" c9="0" dim="61" m11="-0.586657" m12="-0.733623" m13="0.342972" m21="-0.584259" m22="0.676679" m23="0.448047" m31="-0.56078" m32="0.0624657" m33="-0.825605" v1="0.783829" v2="-0.171412" v3="0.183287"></config>
      <extrinsic m11="-0.0146444" m12="-0.0801927" m13="0.996672" m21="0.999868" m22="0.00588724" m23="0.0151651" m31="-0.00708377" m32="0.996762" m33="0.0800958" v1="0.0800444" v2="-0.041683" v3="0.0753622"></extrinsic>
      <intrinsic cx="324.839" cy="249.443" f="6" fx="574.336" fy="572.443" h="480" k1="-0.032945" k2="0.0323252" k3="0" p1="0.00173748" p2="0.00138023" w="640"></intrinsic>
    </item>
    <item cloud=".pcd" handler="Image+Image" image="" label="cube" prefix="-points_raw-cube-4" time_stamp="0">
      <config c1="1.65995" c10="0" c11="0" c12="0" c13="0" c14="0" c15="0" c16="0" c17="0" c18="0" c19="0" c2="-1.53042" c20="0" c21="0" c22="0" c23="0" c24="0" c25="0" c26="0" c27="0" c28="0" c29="0" c3="1.68962" c30="0" c31="0" c32="0" c33="0" c34="0" c35="0" c36="0" c37="0" c38="0" c39="0" c4="-0.36158" c40="0" c41="0" c42="0" c43="0" c44="0" c45="0" c46="0" c47="0" c48="0" c49="0" c5="0.208225" c50="0" c51="0" c52="0" c53="0" c54="0" c55="0" c56="0" c57="0" c58="0" c59="0" c6="0.617441" c60="0" c61="0" c7="-0.0828213" c8="0" c9="0" dim="61" m11="-0.768678" m12="0.0199737" m13="0.639325" m21="0.0207758" m22="0.999765" m23="-0.00625525" m31="-0.639299" m32="0.0084742" m33="-0.768912" v1="0.823846" v2="-0.460662" v3="0.165347"></config>
      <extrinsic m11="-0.0146444" m12="-0.0801927" m13="0.996672" m21="0.999868" m22="0.00588724" m23="0.0151651" m31="-0.00708377" m32="0.996762" m33="0.0800958" v1="0.0800444" v2="-0.041683" v3="0.0753622"></extrinsic>
      <intrinsic cx="324.839" cy="249.443" f="6" fx="574.336" fy="572.443" h="480" k1="-0.032945" k2="0.0323252" k3="0" p1="0.00173748" p2="0.00138023" w="640"></intrinsic>
    </item>
    <item cloud=".pcd" handler="Image+Image" image="" label="cube" prefix="-points_raw-cube-5" time_stamp="0">
      <config c1="1.64564" c10="0" c11="0" c12="0" c13="0" c14="0" c15="0" c16="0" c17="0" c18="0" c19="0" c2="-1.20665" c20="0" c21="0" c22="0" c23="0" c24="0" c25="0" c26="0" c27="0" c28="0" c29="0" c3="1.61823" c30="0" c31="0" c32="0" c33="0" c34="0" c35="0" c36="0" c37="0" c38="0" c39="0" c4="-0.49662" c40="0" c41="0" c42="0" c43="0" c44="0" c45="0" c46="0" c47="0" c48="0" c49="0" c5="-0.14301" c50="0" c51="0" c52="0" c53="0" c54="0" c55="0" c56="0" c57="0" c58="0" c59="0" c6="0.587923" c60="0" c61="0" c7="0.63425" c8="0" c9="0" dim="61" m11="-0.484899" m12="0.723958" m13="0.49067" m21="0.600765" m22="0.683452" m23="-0.414699" m31="-0.635574" m32="0.0936896" m33="-0.766334" v1="0.747511" v2="-0.742821" v3="0.165741"></config>
      <extrinsic m11="-0.0146444" m12="-0.0801927" m13="0.996672" m21="0.999868" m22="0.00588724" m23="0.0151651" m31="-0.00708377" m32="0.996762" m33="0.0800958" v1="0.0800444" v2="-0.041683" v3="0.0753622"></extrinsic>
      <intrinsic cx="324.839" cy="249.443" f="6" fx="574.336" fy="572.443" h="480" k1="-0.032945" k2="0.0323252" k3="0" p1="0.00173748" p2="0.00138023" w="640"></intrinsic>
    </item>
    <item cloud=".pcd" handler="Image+Image" image="" label="cube" prefix="-points_raw-cube-6" time_stamp="0">
      <config c1="1.70971" c10="0" c11="0" c12="0" c13="0" c14="0" c15="0" c16="0" c17="0" c18="0" c19="0" c2="-0.944042" c20="0" c21="0" c22="0" c23="0" c24="0" c25="0" c26="0" c27="0" c28="0" c29="0" c3="1.20652" c30="0" c31="0" c32="0" c33="0" c34="0" c35="0" c36="0" c37="0" c38="0" c39="0" c4="-0.707647" c40="0" c41="0" c42="0" c43="0" c44="0" c45="0" c46="0" c47="0" c48="0" c49="0" c5="0.126308" c50="0" c51="0" c52="0" c53="0" c54="0" c55="0" c56="0" c57="0" c58="0" c59="0" c6="0.752083" c60="0" c61="0" c7="0.841237" c8="0" c9="0" dim="61" m11="-0.00617079" m12="0.997805" m13="0.0659288" m21="0.850137" m22="0.0399492" m23="-0.525044" m31="-0.526525" m32="0.0528086" m33="-0.848518" v1="0.54405" v2="-0.976981" v3="0.187782"></config>
      <extrinsic m11="-0.0146444" m12="-0.0801927" m13="0.996672" m21="0.999868" m22="0.00588724" m23="0.0151651" m31="-0.00708377" m32="0.996762" m33="0.0800958" v1="0.0800444" v2="-0.041683" v3="0.0753622"></extrinsic>
      <intrinsic cx="324.839" cy="249.443" f="6" fx="574.336" fy="572.443" h="480" k1="-0.032945" k2="0.0323252" k3="0" p1="0.00173748" p2="0.00138023" w="640"></intrinsic>
    </item>
    <item cloud=".pcd" handler="Image+Image" image="" label="cube" prefix="-points_raw-cube-7" time_stamp="0">
      <config c1="2.05577" c10="0" c11="0" c12="0" c13="0" c14="0" c15="0" c16="0" c17="0" c18="0" c19="0" c2="-0.926661" c20="0" c21="0" c22="0" c23="0" c24="0" c25="0" c26="0" c27="0" c28="0" c29="0" c3="0.68876" c30="0" c31="0" c32="0" c33="0" c34="0" c35="0" c36="0" c37="0" c38="0" c39="0" c4="-1.69529" c40="0" c41="0" c42="0" c43="0" c44="0" c45="0" c46="0" c47="0" c48="0" c49="0" c5="0.72129" c50="0" c51="0" c52="0" c53="0" c54="0" c55="0" c56="0" c57="0" c58="0" c59="0" c6="0.410029" c60="0" c61="0" c7="0.531471" c8="0" c9="0" dim="61" m11="0.520515" m12="0.828521" m13="-0.206439" m21="0.726472" m22="-0.556767" m23="-0.402801" m31="-0.448667" m32="0.0596912" m33="-0.891703" v1="0.188545" v2="-0.938598" v3="0.170124"></config>
      <extrinsic m11="-0.0146444" m12="-0.0801927" m13="0.996672" m21="0.999868" m22="0.00588724" m23="0.0151651" m31="-0.00708377" m32="0.996762" m33="0.0800958" v1="0.0800444" v2="-0.041683" v3="0.0753622"></extrinsic>
      <intrinsic cx="324.839" cy="249.443" f="6" fx="574.336" fy="572.443" h="480" k1="-0.032945" k2="0.0323252" k3="0" p1="0.00173748" p2="0.00138023" w="640"></intrinsic>
    </item>
  </data>
</golem>
