<?xml version="1.0" encoding="utf-8"?>

<golem>
  <data>
    <item cloud=".pcd" handler="Image+Image" image="" label="cube" prefix="-points_raw-cube-1" time_stamp="0">
      <config c1="2.24194" c10="0" c11="0" c12="0" c13="0" c14="0" c15="0" c16="0" c17="0" c18="0" c19="0" c2="-0.780078" c20="0" c21="0" c22="0" c23="0" c24="0" c25="0" c26="0" c27="0" c28="0" c29="0" c3="2.56492" c30="0" c31="0" c32="0" c33="0" c34="0" c35="0" c36="0" c37="0" c38="0" c39="0" c4="-1.99427" c40="0" c41="0" c42="0" c43="0" c44="0" c45="0" c46="0" c47="0" c48="0" c49="0" c5="0.489681" c50="0" c51="0" c52="0" c53="0" c54="0" c55="0" c56="0" c57="0" c58="0" c59="0" c6="-1.03599" c60="0" c61="0" c7="-1.15279" c8="0" c9="0" dim="61" m11="-0.178343" m12="0.0904642" m13="0.979801" m21="0.0120599" m22="0.995891" m23="-0.0897546" m31="-0.983894" m32="-0.00419087" m33="-0.178702" v1="0.494947" v2="-0.375628" v3="0.345413"></config>
      <extrinsic m11="-0.0146444" m12="-0.0801927" m13="0.996672" m21="0.999868" m22="0.00588724" m23="0.0151651" m31="-0.00708377" m32="0.996762" m33="0.0800958" v1="0.0800444" v2="-0.041683" v3="0.0753622"></extrinsic>
      <intrinsic cx="324.839" cy="249.443" f="6" fx="574.336" fy="572.443" h="480" k1="-0.032945" k2="0.0323252" k3="0" p1="0.00173748" p2="0.00138023" w="640"></intrinsic>
    </item>
    <item cloud=".pcd" handler="Image+Image" image="" label="cube" prefix="-points_raw-cube-2" time_stamp="0">
      <config c1="1.98704" c10="0" c11="0" c12="0" c13="0" c14="0" c15="0" c16="0" c17="0" c18="0" c19="0" c2="-1.82022" c20="0" c21="0" c22="0" c23="0" c24="0" c25="0" c26="0" c27="0" c28="0" c29="0" c3="2.68372" c30="0" c31="0" c32="0" c33="0" c34="0" c35="0" c36="0" c37="0" c38="0" c39="0" c4="-0.993683" c40="0" c41="0" c42="0" c43="0" c44="0" c45="0" c46="0" c47="0" c48="0" c49="0" c5="-0.472118" c50="0" c51="0" c52="0" c53="0" c54="0" c55="0" c56="0" c57="0" c58="0" c59="0" c6="0.701157" c60="0" c61="0" c7="-0.601656" c8="0" c9="0" dim="61" m11="-0.110404" m12="-0.992322" m13="0.0557508" m21="-0.87036" m22="0.123614" m23="0.476649" m31="-0.47988" m32="0.0041009" m33="-0.877324" v1="0.539694" v2="0.049626" v3="0.18249"></config>
      <extrinsic m11="-0.0146444" m12="-0.0801927" m13="0.996672" m21="0.999868" m22="0.00588724" m23="0.0151651" m31="-0.00708377" m32="0.996762" m33="0.0800958" v1="0.0800444" v2="-0.041683" v3="0.0753622"></extrinsic>
      <intrinsic cx="324.839" cy="249.443" f="6" fx="574.336" fy="572.443" h="480" k1="-0.032945" k2="0.0323252" k3="0" p1="0.00173748" p2="0.00138023" w="640"></intrinsic>
    </item>
    <item cloud=".pcd" handler="Image+Image" image="" label="cube" prefix="-points_raw-cube-3" time_stamp="0">
      <config c1="1.60133" c10="0" c11="0" c12="0" c13="0" c14="0" c15="0" c16="0" c17="0" c18="0" c19="0" c2="-1.85829" c20="0" c21="0" c22="0" c23="0" c24="0" c25="0" c26="0" c27="0" c28="0" c29="0" c3="1.77601" c30="0" c31="0" c32="0" c33="0" c34="0" c35="0" c36="0" c37="0" c38="0" c39="0" c4="-0.0109373" c40="0" c41="0" c42="0" c43="0" c44="0" c45="0" c46="0" c47="0" c48="0" c49="0" c5="0.45007" c50="0" c51="0" c52="0" c53="0" c54="0" c55="0" c56="0" c57="0" c58="0" c59="0" c6="1.04637" c60="0" c61="0" c7="-0.639305" c8="0" c9="0" dim="61" m11="-0.586607" m12="-0.73363" m13="0.343044" m21="-0.584262" m22="0.676678" m23="0.448045" m31="-0.56083" m32="0.0623993" m33="-0.825576" v1="0.783841" v2="-0.171432" v3="0.183297"></config>
      <extrinsic m11="-0.0146444" m12="-0.0801927" m13="0.996672" m21="0.999868" m22="0.00588724" m23="0.0151651" m31="-0.00708377" m32="0.996762" m33="0.0800958" v1="0.0800444" v2="-0.041683" v3="0.0753622"></extrinsic>
      <intrinsic cx="324.839" cy="249.443" f="6" fx="574.336" fy="572.443" h="480" k1="-0.032945" k2="0.0323252" k3="0" p1="0.00173748" p2="0.00138023" w="640"></intrinsic>
    </item>
    <item cloud=".pcd" handler="Image+Image" image="" label="cube" prefix="-points_raw-cube-4" time_stamp="0">
      <config c1="1.65995" c10="0" c11="0" c12="0" c13="0" c14="0" c15="0" c16="0" c17="0" c18="0" c19="0" c2="-1.5304" c20="0" c21="0" c22="0" c23="0" c24="0" c25="0" c26="0" c27="0" c28="0" c29="0" c3="1.68962" c30="0" c31="0" c32="0" c33="0" c34="0" c35="0" c36="0" c37="0" c38="0" c39="0" c4="-0.361575" c40="0" c41="0" c42="0" c43="0" c44="0" c45="0" c46="0" c47="0" c48="0" c49="0" c5="0.208204" c50="0" c51="0" c52="0" c53="0" c54="0" c55="0" c56="0" c57="0" c58="0" c59="0" c6="0.617523" c60="0" c61="0" c7="-0.0828281" c8="0" c9="0" dim="61" m11="-0.768723" m12="0.0199815" m13="0.63927" m21="0.0207716" m22="0.999765" m23="-0.00627153" m31="-0.639244" m32="0.00845756" m33="-0.768957" v1="0.823842" v2="-0.460681" v3="0.16535"></config>
      <extrinsic m11="-0.0146444" m12="-0.0801927" m13="0.996672" m21="0.999868" m22="0.00588724" m23="0.0151651" m31="-0.00708377" m32="0.996762" m33="0.0800958" v1="0.0800444" v2="-0.041683" v3="0.0753622"></extrinsic>
      <intrinsic cx="324.839" cy="249.443" f="6" fx="574.336" fy="572.443" h="480" k1="-0.032945" k2="0.0323252" k3="0" p1="0.00173748" p2="0.00138023" w="640"></intrinsic>
    </item>
    <item cloud=".pcd" handler="Image+Image" image="" label="cube" prefix="-points_raw-cube-5" time_stamp="0">
      <config c1="1.64564" c10="0" c11="0" c12="0" c13="0" c14="0" c15="0" c16="0" c17="0" c18="0" c19="0" c2="-1.20665" c20="0" c21="0" c22="0" c23="0" c24="0" c25="0" c26="0" c27="0" c28="0" c29="0" c3="1.61824" c30="0" c31="0" c32="0" c33="0" c34="0" c35="0" c36="0" c37="0" c38="0" c39="0" c4="-0.496621" c40="0" c41="0" c42="0" c43="0" c44="0" c45="0" c46="0" c47="0" c48="0" c49="0" c5="-0.143012" c50="0" c51="0" c52="0" c53="0" c54="0" c55="0" c56="0" c57="0" c58="0" c59="0" c6="0.587785" c60="0" c61="0" c7="0.634115" c8="0" c9="0" dim="61" m11="-0.484949" m12="0.72385" m13="0.49078" m21="0.600629" m22="0.68357" m23="-0.414702" m31="-0.635664" m32="0.0936676" m33="-0.766262" v1="0.747521" v2="-0.742817" v3="0.16574"></config>
      <extrinsic m11="-0.0146444" m12="-0.0801927" m13="0.996672" m21="0.999868" m22="0.00588724" m23="0.0151651" m31="-0.00708377" m32="0.996762" m33="0.0800958" v1="0.0800444" v2="-0.041683" v3="0.0753622"></extrinsic>
      <intrinsic cx="324.839" cy="249.443" f="6" fx="574.336" fy="572.443" h="480" k1="-0.032945" k2="0.0323252" k3="0" p1="0.00173748" p2="0.00138023" w="640"></intrinsic>
    </item>
    <item cloud=".pcd" handler="Image+Image" image="" label="cube" prefix="-points_raw-cube-6" time_stamp="0">
      <config c1="1.70971" c10="0" c11="0" c12="0" c13="0" c14="0" c15="0" c16="0" c17="0" c18="0" c19="0" c2="-0.944044" c20="0" c21="0" c22="0" c23="0" c24="0" c25="0" c26="0" c27="0" c28="0" c29="0" c3="1.20652" c30="0" c31="0" c32="0" c33="0" c34="0" c35="0" c36="0" c37="0" c38="0" c39="0" c4="-0.707646" c40="0" c41="0" c42="0" c43="0" c44="0" c45="0" c46="0" c47="0" c48="0" c49="0" c5="0.126285" c50="0" c51="0" c52="0" c53="0" c54="0" c55="0" c56="0" c57="0" c58="0" c59="0" c6="0.752083" c60="0" c61="0" c7="0.841177" c8="0" c9="0" dim="61" m11="-0.00624577" m12="0.997805" m13="0.0659243" m21="0.850127" m22="0.0400114" m23="-0.525055" m31="-0.52654" m32="0.0527646" m33="-0.848511" v1="0.544051" v2="-0.976981" v3="0.187786"></config>
      <extrinsic m11="-0.0146444" m12="-0.0801927" m13="0.996672" m21="0.999868" m22="0.00588724" m23="0.0151651" m31="-0.00708377" m32="0.996762" m33="0.0800958" v1="0.0800444" v2="-0.041683" v3="0.0753622"></extrinsic>
      <intrinsic cx="324.839" cy="249.443" f="6" fx="574.336" fy="572.443" h="480" k1="-0.032945" k2="0.0323252" k3="0" p1="0.00173748" p2="0.00138023" w="640"></intrinsic>
    </item>
    <item cloud=".pcd" handler="Image+Image" image="" label="cube" prefix="-points_raw-cube-7" time_stamp="0">
      <config c1="2.05576" c10="0" c11="0" c12="0" c13="0" c14="0" c15="0" c16="0" c17="0" c18="0" c19="0" c2="-0.926661" c20="0" c21="0" c22="0" c23="0" c24="0" c25="0" c26="0" c27="0" c28="0" c29="0" c3="0.688757" c30="0" c31="0" c32="0" c33="0" c34="0" c35="0" c36="0" c37="0" c38="0" c39="0" c4="-1.69529" c40="0" c41="0" c42="0" c43="0" c44="0" c45="0" c46="0" c47="0" c48="0" c49="0" c5="0.721298" c50="0" c51="0" c52="0" c53="0" c54="0" c55="0" c56="0" c57="0" c58="0" c59="0" c6="0.410007" c60="0" c61="0" c7="0.5315" c8="0" c9="0" dim="61" m11="0.520539" m12="0.828504" m13="-0.206447" m21="0.726442" m22="-0.55679" m23="-0.402823" m31="-0.448688" m32="0.0597126" m33="-0.891691" v1="0.188542" v2="-0.938601" v3="0.170124"></config>
      <extrinsic m11="-0.0146444" m12="-0.0801927" m13="0.996672" m21="0.999868" m22="0.00588724" m23="0.0151651" m31="-0.00708377" m32="0.996762" m33="0.0800958" v1="0.0800444" v2="-0.041683" v3="0.0753622"></extrinsic>
      <intrinsic cx="324.839" cy="249.443" f="6" fx="574.336" fy="572.443" h="480" k1="-0.032945" k2="0.0323252" k3="0" p1="0.00173748" p2="0.00138023" w="640"></intrinsic>
    </item>
  </data>
</golem>
